32
63
99
11
15
54
38
43
9
60
60
67
3
77
8
32
42
86
90
69
60
84
6
53
28
90
38
50
25
13
84
20
9
31
31
93
72
21
93
22
14
89
22
70
40
91
62
60
81
40
59
48
41
49
76
22
2
4
14
100
6
68
49
67
61
28
27
36
15
18
75
14
32
77
98
98
10
48
49
81
83
64
24
95
13
86
52
19
72
2
25
32
92
50
42
37
11
55
16
37
59
91
70
55
76
16
8
99
62
87
2
16
20
71
70
72
14
88
64
70
18
16
93
57
46
44
24
25
63
18
97
15
68
50
55
49
90
66
9
11
28
19
6
79
51
61
99
9
47
68
58
51
73
52
72
93
66
31
90
62
37
50
96
52
14
99
92
79
71
88
60
83
53
97
38
26
11
49
70
67
47
50
54
40
1
40
58
62
28
26
24
39
45
8
4
62
83
58
92
61
64
92
47
52
56
75
38
29
89
20
41
9
96
81
69
10
25
42
65
81
8
87
75
97
57
12
20
92
21
20
96
96
95
5
90
20
69
25
45
10
73
82
84
66
81
94
22
86
3
68
89
30
63
38
75
59
72
63
96
58
35
88
9
64
69
45
8
40
55
55
76
18
12
37
22
57
36
1
41
90
51
64
74
36
33
74
68
88
35
55
2
49
45
39
29
23
51
75
66
86
42
100
68
55
3
41
99
27
27
16
14
86
38
22
85
12
24
59
59
75
69
45
1
47
85
60
55
41
78
50
81
11
24
80
100
77
85
11
82
46
82
68
24
72
90
47
93
53
96
77
24
29
91
57
36
55
7
95
56
11
33
0
20
45
9
16
94
19
91
76
15
56
51
45
15
24
78
61
84
83
29
85
53
65
21
69
20
91
25
71
2
13
64
61
17
69
98
82
84
28
38
65
75
38
43
73
88
3
78
91
71
23
20
76
48
66
6
57
37
53
61
25
76
25
58
20
35
58
15
21
87
5
95
77
62
89
56
26
21
77
94
50
73
61
92
54
7
98
58
91
5
52
98
8
66
82
100
31
10
95
62
98
97
68
15
50
11
83
44
38
82
90
75
62
93
22
10
98
92
93
53
5
63
65
90
88
5
70
79
45
75
11
12
82
71
23
92
92
29
86
68
16
58
10
9
31
17
9
88
34
56
63
28
97
11
99
14
53
50
86
45
83
2
91
68
68
22
93
18
65
56
0
56
22
90
12
75
14
6
88
44
36
11
46
50
43
16
100
50
8
69
45
4
77
15
65
98
6
74
39
71
58
52
8
41
53
46
64
80
59
89
2
89
39
52
80
0
68
22
52
52
21
3
1
21
56
51
45
8
35
66
14
98
34
67
27
33
2
100
78
31
80
85
20
59
5
75
80
16
52
47
6
11
49
83
20
86
9
95
29
57
85
59
0
58
79
1
77
11
30
62
60
44
2
71
57
3
41
72
78
13
86
88
18
15
67
95
90
65
5
57
15
16
58
69
89
44
10
48
63
64
52
23
49
35
9
61
10
49
88
99
75
33
48
70
2
82
72
8
85
78
31
52
80
60
38
4
62
20
82
75
8
26
40
70
78
57
11
55
20
85
24
43
27
75
26
0
69
90
46
92
90
51
72
100
49
32
62
44
75
60
95
41
77
97
16
68
41
1
30
74
51
4
42
22
39
16
60
10
87
51
29
12
10
88
24
13
1
12
5
34
26
28
90
29
19
71
90
86
67
58
56
63
54
41
7
92
17
4
55
35
98
38
78
99
60
3
2
0
13
80
95
58
4
87
97
66
13
63
24
48
28
21
89
46
23
57
30
29
70
40
14
19
90
65
27
96
64
59
22
59
47
66
94
80
66
84
15
93
9
76
28
22
45
59
66
63
9
8
44
92
81
3
78
26
10
53
5
63
80
89
82
80
59
1
29
69
59
37
1
88
44
80
21
9
79
86
54
48
64
31
89
83
83
79
99
12
27
35
90
70
40
8
100
56
48
74
12
31
92
98
47
83
65
73
60
100
44
60
45
15
32
86
24
58
14
47
25
56
74
19
11
25
14
70
86
12
54
20
39
32
18
56
85
17
44
98
9
87
39
83
95
12
68
91
62
52
46
28
14
69
17
9
31
71
33
70
57
38
92
47
50
8
50
44
90
16
94
69
62
10
30
74
79
5
27
34
42
66
65
9
7
73
56
54
97
43
48
29
90
100
12
44
68
92
33
95
43
91
94
18
5
93
4
37
94
33
25
44
12
28
40
92
93
93
59
0
49
94
32
9
29
34
26
76
93
39
65
35
30
8
87
96
35
37
32
32
56
71
92
67
31
80
1
72
30
37
65
7
70
57
13
35
28
7
95
9
36
31
48
61
28
32
76
91
7
98
1
45
70
98
19
77
97
65
100
98
22
65
82
70
74
50
44
2
54
98
1
80
20
20
79
81
99
88
57
51
7
49
49
87
0
97
82
0
91
31
16
29
66
90
64
48
35
84
17
25
70
82
76
23
29
97
74
24
97
37
90
79
44
14
61
15
75
75
53
23
84
39
93
66
25
88
46
96
31
27
47
11
18
55
44
85
46
85
31
44
3
97
98
61
2
35
53
6
38
27
44
75
34
59
49
42
17
81
49
85
36
55
96
40
76
99
13
19
92
54
36
76
46
23
51
85
72
48
14
70
10
92
19
96
62
44
27
54
13
84
30
49
98
74
28
7
83
39
85
61
22
1
58
7
25
45
89
41
83
76
15
16
38
46
51
72
33
91
28
72
48
75
45
95
39
8
72
48
30
85
47
41
54
63
11
88
82
4
62
83
74
16
6
53
7
31
94
29
36
96
86
90
29
66
88
91
6
30
69
93
72
67
18
72
7
72
92
63
80
95
20
11
83
82
7
46
55
37
36
47
1
57
66
94
13
21
56
82
96
98
37
53
12
20
71
17
36
44
80
67
96
43
0
77
27
18
81
74
69
96
33
87
22
18
81
5
66
30
24
90
85
61
54
50
53
51
88
52
71
50
20
83
94
17
14
16
43
92
9
47
40
37
43
97
83
8
39
27
66
6
75
88
83
12
44
61
83
12
31
100
61
4
21
49
34
93
19
7
100
94
0
12
96
43
94
6
5
96
59
40
52
78
85
73
80
50
50
62
85
92
21
92
55
71
94
83
29
40
96
79
10
17
91
7
2
50
56
55
20
43
86
89
15
86
50
36
82
100
51
42
36
81
64
44
90
100
76
53
79
60
37
43
2
15
44
47
22
39
26
9
52
4
77
25
72
11
83
69
64
76
100
72
26
67
39
80
5
95
64
71
4
73
39
77
63
94
38
31
10
89
95
71
81
42
12
71
61
54
32
57
47
97
10
77
54
31
55
72
27
50
45
69
36
56
36
96
38
73
62
61
6
91
13
64
17
43
82
26
11
83
13
61
29
37
9
15
35
81
36
41
42
0
64
76
98
79
60
54
88
42
56
59
74
27
40
85
83
96
77
63
59
52
54
85
21
16
67
63
59
92
57
71
0
96
54
53
42
52
73
44
70
93
55
76
86
17
90
33
13
71
60
29
39
89
3
76
7
75
91
31
92
33
80
54
6
52
9
96
79
27
56
51
22
95
49
18
18
68
1
75
71
3
9
46
10
1
34
86
48
4
9
3
96
57
56
83
81
76
5
76
28
40
19
29
39
41
24
17
96
22
56
95
83
96
79
28
37
32
46
1
34
15
6
95
94
13
42
73
61
92
74
96
68
3
42
19
31
92
60
49
51
63
90
36
100
29
81
26
76
78
38
24
44
13
66
48
100
98
70
79
49
22
14
85
82
71
32
43
35
55
33
96
94
29
34
10
54
42
58
28
23
50
82
39
48
41
55
65
10
87
61
1
65
14
51
30
27
93
1
24
7
9
65
29
65
34
26
69
35
81
15
86
51
12
80
69
74
100
9
2
40
18
2
41
25
2
20
55
93
86
35
21
93
26
75
68
7
80
85
6
12
40
66
82
65
1
67
42
53
17
35
89
11
56
66
23
63
71
91
45
15
88
28
31
18
5
24
46
95
60
15
11
98
73
29
64
21
21
95
35
45
7
68
83
27
34
19
0
42
67
49
46
2
85
77
46
58
60
18
66
75
88
2
82
51
100
15
3
48
52
30
33
32
33
23
100
16
21
12
54
42
82
1
33
92
35
7
4
79
82
85
27
51
11
7
22
65
10
22
43
97
36
59
41
53
89
11
60
21
22
52
89
67
96
11
99
34
14
92
43
28
91
80
82
89
5
84
84
58
57
8
18
99
20
98
99
8
52
44
1
79
89
90
65
72
32
15
43
17
64
22
67
38
31
15
91
50
29
95
45
60
70
95
13
73
97
48
98
78
70
86
97
27
65
6
71
87
65
6
25
89
19
28
34
61
58
70
21
43
42
39
67
87
9
2
76
31
64
36
58
98
44
44
83
51
66
43
22
89
67
57
61
89
82
59
10
13
85
59
78
30
74
94
77
90
33
28
71
83
86
85
13
4
55
35
80
0
53
13
38
8
54
18