74
92
78
82
4
83
60
53
12
80
27
35
97
28
30
56
26
64
92
27
93
89
66
62
75
92
77
94
39
9
3
35
40
40
16
79
33
1
91
0
94
41
62
69
76
63
12
60
21
88
50
33
8
97
38
49
27
20
24
19
9
20
14
27
90
59
31
17
59
73
8
16
23
94
44
5
68
45
51
52
5
64
25
74
36
76
11
96
5
33
0
0
30
52
33
98
98
94
51
31
1
93
14
85
15
69
39
37
52
10
61
68
33
94
26
91
24
40
14
100
100
79
4
93
11
60
66
54
63
40
14
39
37
48
76
9
5
32
8
67
70
64
99
10
82
65
39
78
47
80
67
49
84
86
34
16
85
67
13
15
86
99
29
99
61
80
46
32
15
38
79
92
82
16
100
57
50
62
40
42
74
49
19
26
100
69
77
3
100
39
18
4
38
92
39
2
0
100
30
92