100
100
100
100
100
100
99
99
99
98
98
97
97
96
94
94
94
94
94
93
93
93
92
92
92
92
92
92
91
91
90
89
88
86
86
85
85
84
83
82
82
82
80
80
80
79
79
79
78
78
77
77
76
76
76
75
74
74
74
73
70
69
69
69
68
68
67
67
67
66
66
65
64
64
64
63
63
62
62
62
61
61
60
60
60
59
59
57
56
54
53
52
52
52
51
51
50
50
49
49
49
48
47
46
45
44
42
41
40
40
40
40
40
39
39
39
39
39
39
38
38
38
37
37
36
35
35
34
33
33
33
33
33
32
32
31
31
30
30
30
29
28
27
27
27
27
26
26
26
25
24
24
23
21
20
20
19
19
18
17
16
16
16
16
15
15
15
14
14
14
14
13
12
12
11
11
10
10
9
9
9
8
8
8
5
5
5
5
4
4
4
3
3
2
1
1
0
0
0
0